063209373518
873005508121
591635384405
099950469131
770271733769
099994537488
646829777377
592047984226
768107630173
903560767191
099924021468
099966293081
970676007974
685774567183
099990623089
334251091513
714969058019
099915932612
099905674447
077050811686
542442402383
681261537152
099962771813
869055707010
948870257298
157631940393
099950646533
270432553493
296265691774
834925488157
625745553569
099902588149
167151249507
099908185957
099918071544
559394973012
099986113377
397387412709
099918653444
853736319217
099924048485
099908037762
915541663193
175918486858
759778652307
276183059582
099917760390
954861630849
564992983284
676734583873
099937136115
021889792077
099962957687
648050014166
333090567907
640746284234
099947564155
099941508199
099978501019
082301564281
169115412562
910372341474
939797917406
036054233527
099993961600
882533490099
205874869804
270008945928
099930719348
099976845642
713123497248
819749805422
941646550956
345931114715
876127052328
099963670047
240983836758
775696728670
264637432532
530884035296
581156971688
728138157209
525550426857
736662906868
309555793035
784810021221
067922081343
238637093255
804666233777
773913104663
298338409942
463509601820
234202457694
534936653110
218459856166
336050875358
799692012616
349783900148
099990495342
099904180219
091764156343
112281132488
148056029888
975500925507
605804455629
099914561030
099941838616
849368399860
646112148222
123827805980
918017004794
712708136241
099958959054
918305213115
180426369781
772990435321
099957158745
931511570544
131258415414
809603377571
889733606964
325997106481
099950327807
761910263356
080105371122
004614906423
244309885058
099995307435
984388046789
559928425423
403611040804
099981161472
752400669259
099999254236
005214483534
148908399567
210819157921
037851428343
099969466163
095632016241
429578132862
563310264520
099934102769
426623908380
099975576840
589761498768
097082347729
463262018885
462345950537
046015061339
099905211264
099941462528
128490044038
099950335184
424980852963
291009624672
517668007994
150729693479
099946741953
220374456690
319107256428
092975225363
364634101900
474762018959
313968332814
414939527717
099959253875
043810424471
099962526915
270093388122
099983744197
454861474884
581342363505
099925999991
099936618275
099901084117
269042335544
054608138022
731750250769
005421991048
784843847102
099920521264
099933113155
434639251848
313843254184
071022274897
461489300432
099948147798
193576813966
775471476972
513708500580
512814216848
099953787610
534378461814
258049684603
099946917591
099913418859
882240840426
298011444324
710043291351
634378090017
679974519160
099971144429
560629972888
461128636055
885855663189
290641300359
151579823029
099935643074
997987655108
099911111566
475779695283
420748475294
099979133345
099978639481
952915885965
073861136412
099902916954
099918245413
099906261794
348939655975
359277049712
099971436766
029223790373
150790839186
099998315818
099968970993
909014648541
790803553315
968440007806
921909229744
099958246942
779817893919
656504455219
576266137491
688437121133
099995945568
248496268033
818875962671
747690559761
200304443890
765984188532
099996999408
346311826281
571697827342
666866326001
957425741251
099951765217
176782360412
466697215213
865384316446
582194457890
444069792935
188377827736
619131725062
172897865314
099925712953
099929110873
718535016575
099952542402
655884251369
755398831639
893612247456
953523634019
099916541889
815589335992
907306172741
666993936218
099963897967
099938209553
492940069705
099980815099
099962190056
438885330719
223215437769
332049323814
552518178267
623753316162
583947065496
099911098830
988335587014
105735781984
811945159356
248240056006
099946524933
099906839085
099958958409
081472911552
715245220622
073481134956
563478423413
943857607918
469868145427
099940162818
099919682841
468613396314
304064553909
099975766344
475749287327
099983844928
597007315515
212059764410
941283811182
590146954214
745166440998
402466393766
787982295055
099924153245
513872135011
942826790602
353261535781
099931434466
044094195602
632339982727
156597089907
370852329192
099982558088
330967334700
844346241143
099900497139
948178700798
883672440473
099932072462
099996277938
126931475271
274106569114
871814261872
082380761700
345265246857
346718602846
099996434403
099940654699
099943246716
922490052962
438416740348
117576331536
099997004027
974991450950
501525356050
261739709786
221150052534
044821160862
942358474171
909590672603
031520278993
988005573026
397492987136
174375505165
517733894191
099971869485
099917940588
099930402355
099902783485
638659095071
099969561559
301242361508
254619394970
010529948831
036569746411
614461739757
410144754785
705018656255
099979684708
637009131375
099972836672
891456187424
099971270973
935666488066
109755618372
023255665100
253531455095
369706296118
283329741337
429399950499
845305769031
992675164016
711172626680
852815380197
525325181969
111104589476
099954176815
951362339052
099910328336
035738449108
099977208917
099986400259
099966230786
346604542991
359416179183
146646608197
099913979526
019460002173
413276928645
099919085913
314802203622
562506084333
099990740589
942342314148
586439836802
099911424255
460579214805
415697580988
724307283466
413540414456
285838760601
995089094732
768989708904
766340649498
222953956279
019479803119
337467123429
804441064951
099981146075
828396407348
761307221175
126260928807
099939725324
724946190145
376970704997
099926290591
099944287428
698227761159
099907053886
099943068734
285932419813
759552095320
099983891302
525866874680
171106478945
472130362035
239842579428
576179387871
099993553416
099912374539
099994137225
015201143958
099994919356
099903719412
099934273658
099956671599
757258955595
620056783659
107045097274
823805944106
180792368563
359066429416
295211913704
099924241231
299711154924
099925865971
194178021894
250816742109
179415907009
729993831464
228540605311
697135944924
099938635370
889677359369
791249799223
554325086921
761747875391
560871803331
099942470387
696804418504
099949307224
099926629672
873842537905
589529210874
099969264395
377657307428
205083524229
793553941707
014109178325
930645470312
309011670201
724647074751
099994570512
099956207780
468895024367
367545406038
381702733177
272307498908
262959502018
556108354180
928801220789
538914193850
167852912429
515247587361
290399230602
711594563459
099925060901
665056618624
099948958945
785586473497
475580046565
361501781166
099988915958
099903472443
557091373241
269595040592
429994688524
297753145893
169545267953
099944046492
389866470711
738324742251
640843387128
446875326772
099949841761
099920517381
343044698597
099968716535
837723040532
099943578576
551028763670
099957061151
099991238395
180771358861
319586343142
099903863963
759822598311
084025051810
174743535168
216826520349
099971309854
757228891239
099922398099
724171987661
099936964594
526697779634
792859746959
093990795842
007341660592
076381385148
508252512832
484280723889
516597921033
099969811591
987607792832
797274353325
099959202075
099992190688
099911473737
217306210612
099920721492
657536264272
099919728549
076770596105
764513707834
890738263211
850770735873
375397356540
328220481184
378197929071
398487799650
099959098117
099963069266
099944269286
468723219215
099914256700
099945511316
470243293590
879243910239
147096397501
099950194087
661101735598
194301099953
292106365448
099913754700
099937326792
645576283126
095257258766
173202947689
405601319964
099923823990
099970037845
707376374298
713876445171
784217400568
194835670542
099923864406
143363324090
062844545104
532350519380
924641020882
099993559879
589477842432
651635493596
951403597631
274196261377
127570753396
121268907937
503419645798
832109070996
073743506115
827698061922
078085322168
470453607636
032427724126
436253546457
065128888599
099948516793
739099199175
099943116647
099921196798
995696184175
841797470157
099955082617
638271922378
099911180053
243285635838
422303700489
130414428497
099987471295
099968558793
099962365417
346102307929
014762103685
629515990237
530680357229
578563030411
099940103653
070290694317
009351562890
904765334191
519383688822
715660032595
262123474473
852445543943
099968083841
400254190052
099950134153
346485508023
545326233533
635410055144
661019754141
099983514192
083927136086
683941270238
099961221508
099927655501
795483391729
847446188767
873016283371
099944960832
552449226748
099956541976
209953633794
099950538358
855905898894
366197501633
099973944468
127534043218
518968500529
099993841102
060366242910
099928802743
760789175632
348454382931
210496207550
897551380388
017670402735
668133423852
099974820101
832904822749
986973009844
099952175977
552339490967
672802884606
942241101618
636155373531
584842036640
962948331942
099916693326
997766207219
740721599271
100250290910
689884841044
011306256031
410979176082
821238042355
426760848877
099973541996
140112849926
006271291271
960811712451
579332322559
609888334904
099939603687
045600323166
157453442487
099931522546
328051692006
708594788059
016225035019
099920250984
133005495817
281584236836
214209077967
369895872644
099901281333
143503501613
610705606731
099937752894
099991609005
434543670566
220833393704
282656110706
099912971404
256613896004
395507507425
987703267353
113325241377
335133159274
619541863781
992672808362
099958422325
099999229596
797506169404
696653634388
141208531239
213693403293
862189796768
099971371112
836292069941
537768597344
099901413856
853401470709
186091320003
210682519461
206750600951
310054425449
102520928477
329859093063
068170768188
992440417127
099953708453
425159843248
433949828718
099973920914
040927312292
099960298168
008556679267
099907328710
455047333976
950507763564
099979386069
099991598946
583244192499
014521025182
183283922032
099937892414
099932724873
451991369161
099993672597
099931412628
555081010752
393695141286
099913552731
232589519721
452747969191
953388301151
697504048742
125156386650
870934592772
819623716080
507697007767
288382829926
261693020693
099993993097
216523575450
099981226653
945603511094
432464442089
099951650595
099930329398
038629952274
440498532777
099968308117
990043175057
560139805487
099989481994
099979921083
358840521740
333884552771
208930127547
828419901908
111228732139
857510252154
099917446034
099973573287
099906577653
579618389613
657453024420
823353180921
390660674625
099961512937
099993177455
099970414242
144962331957
718395339896
764438422342
099965804201
999298067989
099987296365
099997870387
385398216381
099951421349
099947267214
157428822965
967558968505
585791129135
691997154618
224856408503
370931000623
932107099987
431142394751
099963924871
261996374425
511004054104
068939971504
211814704599
099990232998
513965992952
502722325428
569811930397
358913948273
079854639090
099993201243
297456960252
044282744766
674344930265
528479070108
816921811404
099998882358
156668691372
003996954280
403267091833
099929169219
099998062801
099910246546
946235721462
477423625825
667287256857
501878587456
309474129821
158106664901
913880263957
481989703623
794424546211
619535172332
099901485642
249062599529
925130930358
527562984456
532769998572
099979676573
099939451596
793776486308
099937203906
099927417140
099954643927
823301265012
099947351240
884292592321
558526132529
919868827561
570322167545
099917516418
099988179442
553465907760
099917816854
346658947005
099955433073
099996551307
474735269548
670394305911
624148156776
099951195303
787974016917
099951323116
099974172477
099961215526
916156082309
099986712894
099987562246
889386422756
099924426577
372667486389
012144563239
454245928690
739361757209
099916895156
656390100808
670503193864
797037400562
375748223469
158342285563
099934409558
431134948018
719427971873
919233579702
787682795554
099949448832
099910259855
099957423789
294860235839
533772842475
099930078961
099976706819
196391966214
786988312857
099936602326
099964532379
160380455024
458884650488
099917587612
699579525908
900583311583
099955383295
138075337784
207368815595
231584576963
496331926834
278721279442
565168521129
099917971990
258763707839
527951017573
128403806609
099993143158
131415763515
789065615608
991901479103
099907566232
191658313385
099994768188
558313786375
500817781224
355951994163
099973249760
698568156294
099944874243
099912313814
487590567742
188408145930
955957487317
515881747699
099960330085
987095863048
099961246588
543130015872
821043858508
040329639891
525584880932
099915928793
305352078657
348735897132
063642031015
291147393421
939852356158
099943899847
870261251675
313479411091
979046025287
099979642702
982397363077
007639937497
099977743333
856623959230
129338207802
304676547472
043980240665
647408402317
963634405680
099948845406
407251442479
099989559538
846828881136
099970211011
099917086638
718225358384
099906807119
099919925772
973739973632
628145437106
626354384132
099954262562
317327209710
306384039316
590107491400
469484601889
882197242529
099920935604
502673719805
258173022339
522152174860
925378997598
099972843188
099917901926
